tier: 0
tensor([ 0.0111,  0.0166,  0.0060, -0.0238,  0.0825,  0.0996,  0.1441,  0.0332,
         0.0593,  0.1989, -0.0690,  0.1190,  0.0056, -0.0133,  0.0279,  0.0740,
        -0.0864, -0.0560,  0.1121,  0.0164, -0.0544, -0.0991, -0.0087,  0.0353,
        -0.0064,  0.0139, -0.0529, -0.0726, -0.0711,  0.0441,  0.0665, -0.0164,
         0.0768,  0.1115,  0.0195,  0.0907,  0.0470, -0.0482,  0.0873, -0.0742,
         0.0266,  0.0070,  0.0578,  0.0424,  0.0572,  0.0901, -0.0268, -0.0423,
         0.0236,  0.0476, -0.0385,  0.0795, -0.0140,  0.0318, -0.0265, -0.0536,
        -0.0320,  0.0285,  0.0416,  0.0269,  0.0460, -0.0092,  0.0005, -0.0209],
       device='cuda:0')
tier: 1
tensor([-0.0115, -0.0242,  0.0263,  0.0059,  0.0769, -0.0341,  0.0443,  0.0423,
         0.0102,  0.1393, -0.0047, -0.0116,  0.0214, -0.0656,  0.0430, -0.0245,
        -0.0747, -0.0308, -0.0356,  0.0058,  0.0136, -0.1973, -0.0034, -0.0449,
        -0.0220, -0.0497, -0.0141, -0.0108,  0.0234, -0.0248, -0.0116,  0.0054,
        -0.0503, -0.0373, -0.0067,  0.0559, -0.0484,  0.0048, -0.0031,  0.0156,
         0.0223, -0.0150, -0.0461, -0.0309, -0.0435,  0.0116, -0.0038, -0.0211,
         0.0685, -0.0217,  0.0329, -0.0131, -0.0478, -0.0161, -0.0044, -0.0047,
         0.0022, -0.0806,  0.0112,  0.0007,  0.0236, -0.0046, -0.0423,  0.0475],
       device='cuda:0')
tier: 2
tensor([-0.0117, -0.0078,  0.0210,  0.0207,  0.0775, -0.0209,  0.0799,  0.0606,
         0.0185,  0.1582, -0.0380,  0.0215,  0.0215, -0.0992,  0.0924, -0.0339,
        -0.0508, -0.0121, -0.0061,  0.0138, -0.0009, -0.1738,  0.0022, -0.0200,
        -0.0072, -0.0606, -0.0117, -0.0119,  0.0136, -0.0008, -0.0119, -0.0105,
        -0.0089, -0.0248, -0.0060,  0.0713, -0.0256, -0.0115, -0.0077,  0.0155,
         0.0033, -0.0030, -0.0539, -0.0131, -0.0193,  0.0227, -0.0058,  0.0002,
         0.0214,  0.0146,  0.0032,  0.0066, -0.0135, -0.0082,  0.0102,  0.0013,
        -0.0144, -0.0764,  0.0495,  0.0056, -0.0071,  0.0138, -0.0217,  0.0838],
       device='cuda:0')
tier: 3
tensor([-0.0273,  0.0137,  0.0168,  0.0201,  0.0317,  0.0085,  0.0822,  0.0831,
         0.0261,  0.1770, -0.0422,  0.0303,  0.0256, -0.1515,  0.1474, -0.0457,
        -0.0200, -0.0232,  0.0128, -0.0006,  0.0070, -0.1243, -0.0119, -0.0009,
         0.0048, -0.0709,  0.0032,  0.0055,  0.0073,  0.0263, -0.0007, -0.0213,
         0.0011,  0.0054,  0.0016,  0.0539, -0.0061, -0.0277,  0.0076, -0.0130,
         0.0045, -0.0027, -0.0583, -0.0205,  0.0194,  0.0212, -0.0033,  0.0020,
         0.0035,  0.0208, -0.0169,  0.0021, -0.0210, -0.0148,  0.0214, -0.0146,
        -0.0237, -0.0842,  0.0707,  0.0003, -0.0245,  0.0207, -0.0082,  0.1257],
       device='cuda:0')
tier: 4
tensor([-0.0146,  0.0366, -0.0053,  0.0267,  0.0212,  0.0013,  0.0652,  0.0982,
         0.0289,  0.1992, -0.0576,  0.0347,  0.0375, -0.1737,  0.1760, -0.0708,
        -0.0071, -0.0056,  0.0324, -0.0103,  0.0228, -0.1163, -0.0228,  0.0138,
         0.0242, -0.0898,  0.0092,  0.0236,  0.0094,  0.0446,  0.0115, -0.0358,
         0.0215,  0.0071, -0.0067,  0.0662, -0.0089, -0.0134,  0.0097, -0.0261,
        -0.0164, -0.0026, -0.0488, -0.0431,  0.0054, -0.0096, -0.0080,  0.0048,
        -0.0075,  0.0394, -0.0343, -0.0191, -0.0161,  0.0057,  0.0383, -0.0190,
        -0.0317, -0.0863,  0.0891,  0.0131, -0.0313,  0.0555,  0.0182,  0.1548],
       device='cuda:0')
